3.268520510000000172e+02 -8.153710900000000095e+01 1.944433000000000078e+01 -7.116679999999999673e-01
3.292789000000000215e+02 -6.968817099999999698e+01 1.228382110000000011e+02 -4.990700000000000136e-01
3.294504699999999957e+02 -6.969634999999999536e+01 2.191254800000000103e+01 -6.934150000000000036e-01
3.596976619999999798e+02 -6.088955299999999937e+01 7.301795199999999397e+01 -6.146260000000000057e-01
3.597925720000000069e+02 -6.093148800000000165e+01 8.932344799999999907e+01 -6.772430000000000394e-01
3.553268130000000156e+02 -5.826833299999999838e+01 1.746386499999999842e+01 -6.560289999999999733e-01
3.367612609999999904e+02 -5.255539300000000225e+01 2.215817600000000098e+01 -8.512720000000000287e-01
3.285299679999999967e+02 -5.183622700000000094e+01 2.315644599999999897e+01 -7.289670000000000316e-01
3.258891909999999825e+02 -4.321270400000000222e+01 2.339461500000000171e+01 -7.996649999999999592e-01
3.536088560000000030e+02 -4.142245900000000347e+01 3.619612899999999911e+01 -7.032610000000000250e-01
3.432643739999999752e+02 -4.096227600000000280e+01 3.631124100000000254e+01 -7.767779999999999685e-01
3.516423950000000218e+02 -4.045440299999999922e+01 1.736997200000000063e+01 -6.178860000000000463e-01
3.592550049999999828e+02 -3.475897199999999998e+01 3.583389700000000033e+01 -1.120120999999999922e+00
3.195439450000000079e+02 -3.032028800000000146e+01 1.639623500000000078e+01 -7.498280000000000500e-01
3.154097899999999868e+02 -2.800538099999999986e+01 2.256783100000000175e+01 -7.587779999999999525e-01
3.083190309999999954e+02 -2.288732500000000059e+01 1.618208100000000016e+01 -7.928539999999999477e-01
3.499845280000000116e+02 -2.745982700000000065e+01 1.984978900000000124e+01 -8.783140000000000391e-01
3.168430480000000102e+02 -2.543224100000000121e+01 4.209119400000000155e+01 -7.208949999999999525e-01
3.168520809999999983e+02 -2.549820899999999924e+01 1.955053900000000056e+01 -7.279069999999999707e-01
3.577090450000000033e+02 -2.495066299999999870e+01 1.515186300000000053e+01 -9.569320000000000048e-01
3.140173030000000267e+02 -1.994244799999999884e+01 1.611566399999999888e+01 -7.087550000000000239e-01
3.191513059999999768e+02 -2.092936900000000122e+01 2.119334399999999974e+01 -7.236920000000000019e-01
3.227560419999999795e+02 -2.061623200000000011e+01 1.577304600000000079e+01 -7.457080000000000375e-01
3.292400210000000129e+02 -1.822887599999999964e+01 1.957430799999999849e+01 -8.997370000000000090e-01
3.207573849999999993e+02 -1.646569999999999823e+01 1.796393399999999829e+01 -8.982170000000000432e-01
3.336064150000000268e+02 -1.702786800000000156e+01 1.134450839999999943e+02 -9.836669999999999581e-01
3.502589720000000284e+02 -1.638409800000000160e+01 2.264190899999999829e+01 -6.945299999999999807e-01
3.244333799999999997e+02 -1.454789399999999944e+01 2.833235499999999973e+01 -7.823550000000000226e-01
3.513324890000000096e+02 -1.212437599999999982e+01 2.078900499999999951e+01 -8.416240000000000387e-01
3.364464720000000284e+02 -4.949216999999999977e+00 2.200210799999999978e+01 -5.764639999999999764e-01
3.359594730000000027e+02 -2.107126000000000055e+00 2.495960799999999935e+01 -8.134460000000000024e-01
5.082778499999999866e+01 -8.827044700000000432e+01 1.571280800000000077e+01 -9.503239999999999466e-01
3.055630299999999977e+01 -7.633507500000000334e+01 2.305778300000000058e+01 -7.971279999999999477e-01
6.220344200000000257e+01 -7.512133799999999439e+01 6.902117900000000361e+01 -4.408070000000000044e-01
1.158871610000000061e+02 -6.744136000000000308e+01 1.514127500000000026e+01 -6.214060000000000139e-01
1.792866700000000080e+01 -6.899908399999999631e+01 1.604096600000000095e+01 -8.068490000000000384e-01
2.548121599999999987e+01 -6.969198599999999999e+01 1.505888799999999961e+01 -1.016556999999999933e+00
3.598750299999999669e+01 -7.099698600000000681e+01 1.549868099999999949e+01 -7.667249999999999899e-01
3.503343199999999769e+01 -7.037548099999999351e+01 1.692514399999999952e+01 -7.219219999999999526e-01
4.010361999999999760e+00 -6.316817900000000208e+01 2.093626599999999982e+01 -9.703979999999999828e-01
1.045563510000000065e+02 -6.574759699999999896e+01 1.606053899999999857e+01 -7.833259999999999668e-01
6.208550600000000230e+01 -6.574967200000000389e+01 3.160912499999999881e+01 6.921469999999999567e-01
1.100633619999999979e+02 -5.542256199999999922e+01 1.543138000000000076e+01 -8.625800000000000134e-01
6.523366500000000201e+01 -6.239378700000000322e+01 2.278986400000000145e+01 -6.010090000000000154e-01
9.669440500000000327e+01 -5.454262500000000102e+01 2.820107499999999945e+01 -8.893680000000000474e-01
9.659478000000000009e+01 -5.369043400000000332e+01 7.162240599999999802e+01 -1.015471000000000013e+00
4.173431000000000068e+01 -5.568790099999999654e+01 2.542431300000000149e+01 -8.731750000000000345e-01
9.541925000000000523e+01 -5.268610000000000326e+01 1.981298299999999912e+01 -8.262770000000000392e-01
6.319962300000000255e+01 -5.601202399999999670e+01 1.602557399999999888e+01 -6.845630000000000326e-01
2.627114999999999867e+00 -4.438322800000000257e+01 2.113059399999999854e+01 -9.497470000000000079e-01
6.727934999999999377e+01 -5.382216600000000284e+01 2.146160899999999927e+01 -6.245939999999999825e-01
1.053841800000000006e+01 -4.423461900000000213e+01 2.405712099999999865e+01 -6.886250000000000426e-01
4.093559299999999723e+01 -5.120869799999999827e+01 2.418530300000000111e+01 -9.561389999999999612e-01
8.405775500000000022e+01 -4.973892200000000230e+01 1.709303500000000042e+01 -7.990960000000000285e-01
1.633801700000000068e+01 -4.509104500000000115e+01 3.028186000000000178e+01 -9.018319999999999670e-01
1.306118299999999977e+01 -4.310803200000000146e+01 1.987956399999999846e+01 -7.691010000000000346e-01
1.156704200000000071e+01 -4.212758600000000087e+01 4.128665199999999658e+01 -7.214819999999999567e-01
7.821235699999999724e+01 -4.839961199999999764e+01 2.422273300000000162e+01 -8.570259999999999545e-01
3.849997999999999809e+00 -3.807773999999999859e+01 1.530455599999999983e+01 -1.011997000000000035e+00
9.611779000000000295e+00 -3.899705099999999902e+01 1.657942800000000005e+01 -9.031289999999999596e-01
1.020486369999999994e+02 -3.995125999999999777e+01 1.888300699999999921e+01 -9.076910000000000256e-01
5.034763000000000233e+01 -4.517264899999999983e+01 2.118775000000000119e+01 -8.593370000000000175e-01
1.092751769999999993e+02 -3.636121700000000345e+01 1.666352499999999992e+01 -8.101890000000000480e-01
8.735053299999999865e+01 -4.085282500000000283e+01 2.120913900000000041e+01 -8.098640000000000283e-01
2.354863500000000087e+01 -3.648715599999999881e+01 2.480555000000000021e+01 -7.244169999999999776e-01
2.338474300000000028e+01 -3.648055599999999998e+01 1.810426500000000161e+01 -7.004369999999999763e-01
9.678091399999999567e+01 -3.548580199999999962e+01 2.269518899999999917e+01 -7.309160000000000101e-01
6.125636000000000081e+00 -2.947994600000000176e+01 2.303356899999999996e+01 -8.571459999999999635e-01
8.074108099999999411e+01 -3.645757700000000057e+01 7.252764100000000269e+01 -6.174180000000000224e-01
6.742014299999999594e+01 -3.651411399999999929e+01 2.507463600000000170e+01 -8.757040000000000379e-01
6.454781999999999798e+00 -2.603650100000000123e+01 1.664653200000000055e+01 4.970100000000000212e-02
5.663057299999999827e+01 -3.437725400000000064e+01 2.288403699999999930e+01 -7.477989999999999915e-01
3.005005299999999835e+01 -3.089007399999999848e+01 2.528611799999999832e+01 -8.625340000000000229e-01
2.764884199999999836e+01 -2.953295900000000174e+01 2.312518700000000038e+01 -8.021960000000000202e-01
2.261560800000000171e+01 -2.616558099999999953e+01 1.693331299999999828e+01 -8.929230000000000222e-01
7.461021399999999915e+01 -3.012139099999999914e+01 1.803620099999999837e+01 -7.983029999999999848e-01
7.380981400000000292e+01 -3.011280100000000104e+01 2.382364300000000057e+01 -7.812510000000000288e-01
8.786016999999999300e+00 -2.006502899999999912e+01 1.681421100000000024e+01 -7.106280000000000374e-01
1.567103400000000057e+01 -2.187418399999999963e+01 1.816526400000000052e+01 -1.322923000000000071e+00
7.115544900000000439e+01 -2.816359699999999933e+01 5.228656399999999849e+01 -7.621630000000000349e-01
5.791731999999999658e+01 -2.773169700000000049e+01 2.851687400000000139e+01 -8.039220000000000255e-01
9.913871000000000322e+01 -2.070720499999999831e+01 1.900749599999999973e+01 -7.682090000000000307e-01
4.406196200000000118e+01 -2.341326700000000116e+01 2.100888799999999890e+01 -9.899250000000000549e-01
1.477760100000000065e+01 -1.700940100000000044e+01 1.722873699999999886e+01 -7.876189999999999580e-01
1.707089600000000118e+01 -1.607173500000000033e+01 3.282190299999999894e+01 -7.738359999999999683e-01
8.041302500000000464e+01 -2.079368200000000044e+01 1.685216700000000145e+01 -6.154519999999999991e-01
7.384916699999999423e+01 -2.057043799999999933e+01 2.011011299999999835e+01 -6.004960000000000298e-01
3.943175099999999844e+01 -1.954225200000000129e+01 3.019350800000000135e+01 -7.095810000000000173e-01
6.401792899999999520e+01 -2.094107599999999891e+01 1.589459100000000014e+01 -7.199480000000000324e-01
2.011260000000000048e+01 -1.533647599999999933e+01 2.685548599999999908e+01 -6.227099999999999858e-01
7.763530000000000086e+01 -1.864531900000000064e+01 3.121814499999999981e+01 -1.299107999999999929e+00
2.187526499999999885e+01 -1.404847999999999963e+01 1.881801799999999858e+01 -7.532290000000000374e-01
1.037773499999999949e+01 -9.372574999999999434e+00 2.399953299999999956e+01 -1.608438999999999952e+00
6.006892400000000265e+01 -1.616976500000000172e+01 1.520594499999999982e+01 -8.910500000000000087e-01
3.390337799999999646e+01 -1.299146400000000057e+01 2.927852599999999939e+01 -7.712339999999999751e-01
5.787153200000000197e+01 -1.448977400000000060e+01 3.398953600000000108e+01 -9.700149999999999606e-01
6.195208000000000226e+01 -1.219312500000000021e+01 2.336080600000000018e+01 -9.488060000000000382e-01
1.593615000000000004e+00 -7.372800000000000187e-02 2.060637099999999933e+01 -6.542229999999999990e-01
9.584585000000000576e+00 -2.127092999999999900e+00 3.724211900000000242e+01 -7.133279999999999621e-01
9.266866000000000270e+00 -1.152862000000000053e+00 2.752901299999999907e+01 -8.242599999999999927e-01
1.439459199999999939e+01 -1.391537000000000024e+00 2.426237499999999869e+01 -6.414429999999999854e-01
1.162694630000000018e+02 2.002825000000000077e+00 2.063746099999999828e+01 -1.058996999999999966e+00
5.813230500000000234e+01 -7.184256000000000419e+00 2.790333599999999947e+01 -8.400260000000000504e-01
3.522522399999999720e+01 -1.948560999999999988e+00 3.105373399999999862e+01 -7.810820000000000540e-01
1.957675400000000110e+01 2.968760000000000066e+00 1.631249400000000094e+01 -9.320119999999999516e-01
5.356108900000000261e+01 -1.189405000000000046e+00 3.604650099999999924e+01 -1.010791999999999913e+00
4.066874299999999920e+01 -1.153500000000000011e-02 2.194043399999999977e+01 -5.106500000000000483e-01
6.309451299999999918e+01 -9.918090000000000517e-01 1.628520200000000173e+01 -8.273690000000000211e-01
7.853257000000000687e+01 9.411490000000000133e-01 1.631907700000000006e+01 -7.358620000000000161e-01
4.540847800000000234e+01 1.921599999999999975e+00 1.841129700000000113e+01 -1.231192999999999982e+00
2.283961700000000050e+01 6.394161000000000428e+00 1.636016499999999851e+01 -9.459760000000000391e-01
1.020967500000000072e+01 1.005692100000000089e+01 2.605202500000000043e+01 -7.537230000000000318e-01
4.710925300000000249e+01 4.111431999999999753e+00 2.702195000000000036e+01 -5.948769999999999891e-01
6.185327499999999645e+01 3.680324999999999847e+00 1.682402199999999937e+01 -5.218620000000000481e-01
5.587538099999999730e+01 4.962468000000000323e+00 2.016491299999999853e+01 -7.854280000000000150e-01
8.287145200000000500e+01 6.507895000000000429e+00 2.806882900000000092e+01 -8.492089999999999916e-01
1.082610930000000025e+02 1.177080400000000004e+01 3.022964299999999938e+01 -1.004626000000000019e+00
4.441232300000000066e+01 6.064644999999999619e+00 1.560623200000000033e+01 -7.547530000000000072e-01
4.445270899999999870e+01 6.033635000000000304e+00 1.728353099999999998e+01 -6.597730000000000539e-01
9.436500999999999806e+00 1.333150599999999919e+01 1.592660000000000053e+01 -8.931769999999999987e-01
3.550070199999999687e+01 8.447247000000000838e+00 1.531941499999999934e+01 -6.828089999999999993e-01
1.120436629999999951e+02 1.462684899999999999e+01 1.638750299999999882e+01 -7.674760000000000471e-01
5.104467999999999783e+00 1.568085199999999979e+01 2.427179900000000146e+01 -9.827219999999999844e-01
1.721170199999999895e+01 1.330943199999999926e+01 4.694564100000000195e+01 -6.673189999999999955e-01
1.723277300000000167e+01 1.336394199999999977e+01 2.756630300000000133e+01 -7.798310000000000519e-01
5.973921200000000198e+01 1.045060999999999929e+01 3.889653799999999961e+01 -7.228930000000000078e-01
5.971667899999999918e+01 1.040121599999999980e+01 2.420924799999999877e+01 -6.188420000000000032e-01
6.341923500000000047e+01 1.120259800000000006e+01 3.059439300000000017e+01 -7.991960000000000175e-01
9.026483999999999952e+00 1.863202899999999929e+01 1.595262400000000014e+01 -8.451459999999999528e-01
8.029188499999999351e+01 1.663727400000000145e+01 2.025180100000000039e+01 -3.242880000000000207e-01
4.750109499999999940e+01 1.709830300000000136e+01 4.014406999999999925e+01 -8.429569999999999563e-01
2.409897000000000133e+01 2.095185700000000040e+01 4.540625000000000000e+01 -9.919729999999999936e-01
1.055365299999999991e+02 2.523560000000000159e+01 2.039855999999999980e+01 -7.965870000000000450e-01
1.395901100000000028e+01 2.641007000000000104e+01 2.929219200000000001e+01 -1.077663999999999955e+00
7.417934400000000039e+01 2.282213199999999986e+01 1.758970800000000168e+01 -6.537770000000000525e-01
2.212580699999999823e+01 2.904918100000000081e+01 1.710218800000000172e+01 -7.565499999999999448e-01
2.929825200000000152e+01 2.885975600000000085e+01 2.949842800000000054e+01 -1.007805999999999980e+00
3.889736899999999764e+01 2.914969999999999928e+01 1.527034599999999998e+01 -9.487229999999999830e-01
6.926949299999999710e+01 2.966942799999999991e+01 2.875556030000000192e+02 -6.614020000000000454e-01
1.303571469999999977e+02 -7.567585800000000518e+01 3.146474600000000166e+01 -7.335700000000000554e-01
1.763790740000000028e+02 -4.860178799999999910e+01 1.868072099999999836e+01 -7.359759999999999636e-01
1.550152129999999886e+02 -4.285844399999999865e+01 3.434591700000000003e+01 -8.262469999999999537e-01
1.549350739999999860e+02 -4.241424599999999856e+01 1.685779399999999839e+01 -9.500899999999999901e-01
2.163713989999999967e+02 -2.999866499999999903e+01 2.269945299999999833e+01 -9.025640000000000329e-01
2.157057499999999948e+02 -2.746531099999999981e+01 2.920092599999999905e+01 -9.868400000000000505e-01
1.714762420000000134e+02 -3.538927499999999782e+01 1.517324999999999946e+01 -7.276770000000000183e-01
1.821645049999999912e+02 -3.405190699999999993e+01 1.518839999999999968e+01 -9.373749999999999583e-01
1.583038789999999949e+02 -3.431166499999999786e+01 1.775118600000000058e+01 -9.494470000000000409e-01
1.748214570000000094e+02 -3.237702600000000075e+01 2.019086300000000023e+01 -8.844520000000000159e-01
1.765857090000000085e+02 -3.195375100000000046e+01 1.636921900000000107e+01 -9.142000000000000126e-01
1.936710050000000081e+02 -2.922867600000000010e+01 2.289138600000000068e+01 -1.193916999999999895e+00
1.445020600000000002e+02 -2.921236800000000144e+01 1.692921300000000073e+01 -8.560759999999999481e-01
2.141720889999999997e+02 -2.177071400000000168e+01 1.664467600000000047e+01 -9.549569999999999448e-01
1.753940729999999917e+02 -2.884728799999999893e+01 1.601576599999999928e+01 -7.031500000000000528e-01
1.354474490000000060e+02 -2.592113700000000165e+01 4.096232200000000034e+01 -6.828359999999999985e-01
1.889075009999999963e+02 -2.520102699999999984e+01 1.821278999999999826e+01 -8.626629999999999576e-01
1.752018429999999967e+02 -2.648556699999999964e+01 1.836627999999999972e+01 -1.147920999999999969e+00
2.025308839999999861e+02 -2.170084400000000002e+01 1.701759900000000059e+01 -9.438609999999999500e-01
1.474713289999999972e+02 -2.519396400000000114e+01 1.684867300000000157e+01 -9.365480000000000471e-01
1.979146120000000053e+02 -2.227797299999999936e+01 5.376842099999999647e+01 -5.460439999999999738e-01
1.268214040000000011e+02 -2.043882899999999836e+01 2.265214699999999937e+01 -6.210020000000000540e-01
1.332510829999999942e+02 -2.078984099999999913e+01 1.912285400000000024e+01 -7.743590000000000195e-01
2.239803919999999948e+02 -1.114915300000000009e+01 2.479650699999999830e+01 -6.865599999999999481e-01
1.512963560000000030e+02 -2.174755299999999991e+01 2.607786600000000021e+01 -1.065580999999999889e+00
2.169089360000000113e+02 -1.206486199999999975e+01 1.570900999999999925e+01 -9.295849999999999946e-01
1.665932620000000099e+02 -2.114981699999999876e+01 1.832616399999999857e+01 -7.460489999999999622e-01
1.735991060000000061e+02 -1.746407699999999963e+01 1.561919900000000005e+01 -8.082749999999999657e-01
1.222214969999999994e+02 -1.046766200000000069e+01 3.193508699999999934e+01 -8.821499999999999897e-01
2.237567290000000071e+02 -4.350802999999999976e+00 1.972258000000000067e+01 -8.563359999999999861e-01
1.936549379999999871e+02 -1.255921200000000049e+01 4.133245800000000258e+01 -7.284739999999999549e-01
1.747947540000000117e+02 -1.384563400000000044e+01 2.631482099999999846e+01 -7.836030000000000495e-01
2.067568210000000022e+02 -8.055996000000000379e+00 1.543235100000000060e+01 -8.093780000000000419e-01
2.134532619999999952e+02 -5.997447000000000195e+00 1.690830800000000167e+01 -9.319570000000000354e-01
2.045347749999999962e+02 -6.452619999999999578e+00 2.354464499999999916e+01 -8.018100000000000227e-01
1.846450499999999977e+02 -1.031425600000000031e+01 1.619652900000000173e+01 -8.715530000000000221e-01
2.171314390000000003e+02 -1.400611000000000050e+00 1.673048800000000114e+01 -6.527760000000000229e-01
1.238652569999999997e+02 -3.141262000000000221e+00 3.443515399999999715e+01 -1.074483000000000077e+00
1.940464629999999886e+02 -5.788804999999999978e+00 2.522983899999999835e+01 -6.125070000000000237e-01
1.905829009999999926e+02 -4.771316999999999808e+00 1.975679399999999930e+01 -5.971760000000000401e-01
1.655164640000000134e+02 -1.271965999999999930e+00 2.396421399999999835e+01 -7.842040000000000122e-01
1.479942780000000084e+02 -2.410599999999999896e-02 3.098414599999999908e+01 -8.532279999999999864e-01
2.147855219999999861e+02 6.475761999999999574e+00 7.522347299999999848e+01 -8.211089999999999778e-01
1.872758790000000033e+02 2.047743999999999787e+00 1.194811779999999999e+02 -6.410200000000000342e-01
1.256301880000000040e+02 5.940579999999999750e+00 2.028257400000000032e+01 -8.946990000000000220e-01
1.441331020000000080e+02 4.368865000000000443e+00 1.831056200000000089e+01 -9.504740000000000411e-01
1.211992570000000029e+02 1.025559299999999929e+01 2.073676700000000039e+01 -8.695690000000000364e-01
1.848135990000000106e+02 5.824908999999999892e+00 3.587467600000000090e+01 -5.320650000000000102e-01
1.848905790000000025e+02 5.828901000000000110e+00 3.010492100000000093e+01 -4.971670000000000256e-01
1.527508390000000134e+02 6.411256999999999984e+00 2.596021100000000104e+01 -7.534880000000000466e-01
1.964004060000000038e+02 8.920579000000000036e+00 1.622014799999999823e+01 -7.798690000000000344e-01
1.469444579999999974e+02 7.419279999999999653e+00 5.058591799999999949e+01 -6.287679999999999936e-01
1.520001369999999952e+02 7.508145999999999987e+00 2.734591899999999853e+01 -3.626889999999999836e-01
1.460694269999999904e+02 9.772798999999999126e+00 2.422415700000000172e+01 -8.021819999999999506e-01
1.203889389999999935e+02 1.424486100000000022e+01 2.302345499999999845e+01 -7.890260000000000051e-01
1.301990969999999948e+02 1.320706099999999950e+01 1.618378999999999834e+01 -7.332959999999999479e-01
1.332865140000000110e+02 1.388237499999999969e+01 2.513089899999999943e+01 -8.307010000000000227e-01
1.346729280000000131e+02 1.416226299999999938e+01 1.857581499999999863e+01 -7.903449999999999642e-01
1.862701869999999928e+02 1.288573200000000085e+01 2.342008399999999924e+01 -5.708520000000000261e-01
1.606858829999999898e+02 1.205938800000000022e+01 1.891861300000000057e+01 -8.873349999999999849e-01
1.774860079999999982e+02 1.278872400000000020e+01 1.917724199999999968e+01 -8.521840000000000526e-01
1.455637360000000058e+02 1.376467099999999988e+01 2.336765099999999862e+01 -6.738969999999999683e-01
1.475440979999999911e+02 1.433334600000000059e+01 2.233887899999999860e+01 -7.020250000000000101e-01
1.909903559999999914e+02 1.638073500000000138e+01 2.336725200000000058e+01 -8.458620000000000028e-01
1.366316679999999906e+02 1.676881399999999900e+01 1.640852399999999989e+01 -8.658529999999999838e-01
1.762808689999999956e+02 1.962176300000000140e+01 3.076162700000000072e+01 -7.373539999999999539e-01
1.213958659999999981e+02 2.416433899999999824e+01 3.146243499999999926e+01 -7.362950000000000328e-01
1.888617399999999975e+02 2.134229099999999946e+01 2.535674099999999953e+01 -8.785720000000000196e-01
1.758548739999999952e+02 2.211518299999999826e+01 2.403677000000000064e+01 -6.917940000000000200e-01
1.672160489999999982e+02 2.501477799999999974e+01 1.694453599999999938e+01 -1.142038000000000109e+00
1.345411070000000109e+02 2.784692599999999985e+01 1.754802700000000115e+01 -8.145729999999999915e-01
1.268553699999999935e+02 2.931150999999999840e+01 1.811032900000000012e+01 -8.853630000000000111e-01
1.504470670000000041e+02 2.878325099999999992e+01 4.794359599999999944e+01 -5.076479999999999881e-01
2.388379669999999919e+02 -7.967707799999999452e+01 1.987139499999999970e+01 -4.351459999999999773e-01
3.084679869999999937e+02 -7.306812299999999993e+01 1.653790899999999908e+01 -1.060354000000000019e+00
2.510715940000000046e+02 -7.725914799999999616e+01 2.974508300000000105e+01 -4.788680000000000159e-01
2.365294649999999876e+02 -7.318004600000000437e+01 1.719678899999999899e+01 -8.219020000000000215e-01
3.113371280000000070e+02 -6.031739400000000018e+01 3.780792600000000192e+01 -9.869869999999999477e-01
2.495440370000000030e+02 -6.823658799999999758e+01 1.681648300000000162e+01 -8.453129999999999811e-01
2.755680540000000178e+02 -6.398769399999999763e+01 3.739151400000000081e+01 -1.007527999999999979e+00
3.060863949999999818e+02 -5.739367299999999972e+01 2.786617299999999986e+01 -9.304729999999999945e-01
2.748974000000000046e+02 -6.376289700000000238e+01 3.330065499999999901e+01 1.476999999999999980e-01
2.943857419999999934e+02 -5.864071299999999809e+01 2.360475200000000129e+01 -8.475019999999999776e-01
2.655092159999999808e+02 -6.092213799999999679e+01 2.359486800000000173e+01 -9.137950000000000239e-01
2.995715329999999881e+02 -5.515962999999999994e+01 3.790160399999999896e+01 -9.185940000000000216e-01
2.576243900000000053e+02 -6.068780900000000145e+01 1.559768200000000071e+01 -8.606120000000000436e-01
2.697780460000000176e+02 -5.978194400000000286e+01 4.543460100000000068e+01 -1.006825000000000081e+00
2.904705809999999815e+02 -5.453020099999999815e+01 2.546010599999999968e+01 -1.366930999999999896e+00
2.644283750000000168e+02 -5.654516999999999882e+01 3.513784400000000119e+01 -7.827220000000000288e-01
2.643487850000000208e+02 -5.660288200000000103e+01 1.964951699999999946e+01 -9.467430000000000012e-01
2.150147859999999866e+02 -4.959411999999999665e+01 2.155282199999999904e+01 -9.083809999999999940e-01
2.161346589999999992e+02 -4.922896599999999978e+01 1.954047999999999874e+01 -5.358340000000000325e-01
2.745289920000000166e+02 -5.196706400000000059e+01 3.195109000000000066e+01 -4.845360000000000222e-01
3.025915830000000142e+02 -5.648751099999999781e+01 1.833065399999999912e+01 -1.222075000000000022e+00
2.172391819999999996e+02 -4.819797499999999957e+01 2.688327599999999862e+01 -1.281735000000000069e+00
2.939884640000000218e+02 -4.634455100000000272e+01 1.165669939999999940e+02 -9.084020000000000428e-01
2.808158869999999752e+02 -4.861079399999999850e+01 2.915137700000000009e+01 -9.949710000000000498e-01
2.221198880000000031e+02 -4.702678699999999878e+01 1.751858899999999863e+01 -8.994379999999999598e-01
2.993134459999999990e+02 -4.237168900000000349e+01 2.491832700000000145e+01 -7.530609999999999804e-01
3.089484560000000215e+02 -3.490104699999999838e+01 3.688861500000000149e+01 -7.593760000000000510e-01
2.325587160000000040e+02 -4.252962500000000290e+01 6.757763699999999574e+01 -1.090983000000000036e+00
2.160679930000000013e+02 -3.844616299999999853e+01 2.378044900000000084e+01 -1.059671999999999947e+00
2.811188660000000255e+02 -4.036507799999999690e+01 2.584979600000000133e+01 -9.484359999999999458e-01
2.141392669999999896e+02 -3.668063699999999727e+01 1.640965299999999871e+01 -8.876220000000000221e-01
2.751468199999999911e+02 -3.915697099999999864e+01 2.742530800000000113e+01 -9.247560000000000224e-01
2.236190339999999992e+02 -3.666841900000000010e+01 3.031489799999999946e+01 -1.025204000000000004e+00
2.777471009999999865e+02 -3.604145100000000213e+01 2.598085400000000078e+01 2.648840000000000083e-01
2.929574890000000096e+02 -2.658055699999999888e+01 1.613210099999999869e+01 -2.250833999999999779e+00
2.464799649999999929e+02 -3.113649399999999901e+01 1.611726000000000170e+01 -9.437269999999999825e-01
2.889500429999999938e+02 -2.688253399999999971e+01 2.379896000000000100e+01 -9.962919999999999554e-01
2.856626890000000003e+02 -2.709684800000000138e+01 1.518338900000000002e+01 -1.024877000000000038e+00
2.413019559999999899e+02 -2.898560000000000159e+01 2.581312600000000046e+01 -8.979240000000000554e-01
2.039571990000000028e+02 -3.387990200000000129e+01 2.907891300000000001e+01 -9.029230000000000311e-01
2.479213100000000054e+02 -2.694612300000000005e+01 1.876760300000000115e+01 -8.839989999999999792e-01
2.857057500000000232e+02 -2.349713300000000160e+01 3.389149499999999904e+01 -8.861029999999999740e-01
3.070318300000000136e+02 -1.535453900000000083e+01 1.722010799999999975e+01 -9.921489999999999476e-01
2.515202940000000069e+02 -2.246567200000000142e+01 1.524984800000000007e+01 -7.701390000000000180e-01
2.953140869999999722e+02 -1.540794999999999959e+01 3.332468000000000075e+01 -6.295509999999999717e-01
2.925059200000000033e+02 -1.515216900000000066e+01 1.881603099999999884e+01 -1.099342000000000041e+00
2.412592930000000138e+02 -1.757023600000000130e+01 1.586397299999999966e+01 -8.010869999999999935e-01
2.990472720000000209e+02 -7.614374999999999893e+00 1.734202200000000005e+01 -8.988420000000000298e-01
2.908794560000000047e+02 -7.693942999999999977e+00 1.536921800000000005e+01 -8.360119999999999774e-01
2.459976959999999906e+02 -1.167730000000000068e+01 1.582530599999999943e+01 -6.380040000000000155e-01
2.529208219999999869e+02 -6.301997000000000071e+00 1.538613199999999992e+01 -7.716520000000000046e-01
3.222750239999999735e+02 7.551251999999999853e+00 2.013765300000000025e+01 -9.102879999999999860e-01
2.980644530000000145e+02 2.509152999999999967e+00 3.800949500000000114e+01 -8.780270000000000019e-01
3.120513000000000261e+02 7.024271999999999849e+00 2.227707499999999996e+01 -9.468109999999999582e-01
2.601765139999999974e+02 -1.180172999999999917e+00 1.529986399999999946e+01 -1.216925999999999952e+00
2.601300049999999828e+02 -9.792459999999999498e-01 3.041335139999999910e+02 -6.366119999999999557e-01
2.411885990000000106e+02 1.297712999999999894e+00 4.211919799999999725e+01 -8.333019999999999872e-01
2.406302029999999945e+02 1.964636000000000049e+00 5.517858499999999822e+01 -8.611630000000000118e-01
2.405749360000000081e+02 1.972213999999999912e+00 1.649261999999999873e+01 -7.659489999999999910e-01
3.268556520000000205e+02 1.534215499999999999e+01 1.693421700000000030e+01 -6.788110000000000532e-01
2.514261630000000025e+02 2.197687999999999864e+00 1.547089099999999995e+01 -7.380349999999999966e-01
3.055361940000000232e+02 1.002094899999999988e+01 2.380234000000000094e+01 -8.228569999999999496e-01
2.291853179999999952e+02 7.021703999999999724e+00 8.168048100000000034e+01 -9.260110000000000285e-01
2.277487950000000012e+02 7.862760999999999889e+00 3.356484600000000285e+01 -8.989740000000000508e-01
3.206921689999999785e+02 1.707689299999999832e+01 1.612137799999999999e+01 -8.758219999999999894e-01
2.304613490000000127e+02 7.693849000000000160e+00 3.402971300000000099e+01 -1.723611999999999922e+00
2.712773129999999924e+02 1.102578500000000084e+01 2.574375200000000063e+01 -1.129745999999999917e+00
2.796078489999999874e+02 1.719839100000000087e+01 3.545776399999999740e+01 -6.735170000000000323e-01
2.636781310000000076e+02 1.600776499999999913e+01 1.551538799999999974e+01 -8.666409999999999947e-01
2.509526979999999980e+02 1.726228300000000004e+01 1.549585100000000004e+01 -5.632000000000000339e-01
2.450896449999999902e+02 1.760656399999999877e+01 1.968652900000000017e+01 -9.723140000000000116e-01
2.300223540000000071e+02 2.026726899999999887e+01 1.774671700000000030e+01 -6.882279999999999509e-01
2.374534449999999879e+02 2.142871999999999844e+01 1.943453600000000137e+01 -7.863139999999999574e-01
2.329592590000000030e+02 2.404580100000000087e+01 2.101054399999999944e+01 -8.967950000000000088e-01
2.474053649999999891e+02 2.333605999999999980e+01 1.502108400000000010e+01 -6.315899999999999848e-01
2.461648710000000051e+02 2.375338700000000003e+01 1.675190500000000071e+01 -6.562409999999999632e-01
2.262462460000000135e+02 2.600770199999999832e+01 9.659690899999999658e+01 -1.003760999999999903e+00
2.284174800000000118e+02 2.612179599999999979e+01 3.319224200000000025e+01 -9.656500000000000083e-01
2.470157619999999952e+02 2.769296599999999842e+01 1.672767800000000094e+01 -7.673820000000000086e-01
2.013667000000000087e+02 -4.301919999999999789e+01 1.937471999999999980e+03 -5.000000000000000000e-01
1.395250000000000057e+02 -1.209559999999999924e+01 5.446860000000000355e+02 -9.599999999999999645e-01
7.995829999999999416e+01 -4.577890000000000015e+01 7.746119999999999663e+02 -9.899999999999999911e-01
2.527832999999999970e+02 4.992499999999999716e+00 7.914859999999999900e+02 -1.070000000000000062e+00
1.877041999999999859e+02 1.239109999999999978e+01 1.562747000000000071e+03 -8.599999999999999867e-01
8.363330000000000553e+01 2.201439999999999841e+01 1.560742999999999938e+03 -2.200000000000000011e-01
2.998666999999999803e+02 4.073389999999999844e+01 1.359967599999999948e+04 -7.800000000000000266e-01
3.508666999999999803e+02 5.881170000000000186e+01 1.581136100000000079e+04 -4.099999999999999756e-01
5.067079999999999984e+01 -3.720830000000000126e+01 1.256016000000000076e+03 -8.100000000000000533e-01
